11a-Nedkov-task1.txt
>> A=[12 15 11 17; 3 13 4 15; 11 9 6 18; 18 5 18 3]
A =

 12 15 11 17
 3 13 4 15
 11 9 6 18
 18 5 18 3

>> B=[5 8 18 11; 5 6 17 9; 0 5 7 5; 7 4 9 19]
B =

 5 8 18 11
 5 6 17 9
 0 5 7 5
 7 4 9 19

>> C= A+B
C =

 17 23 29 28
 8 19 21 24
 11 14 13 23
 25 9 27 22



11a-Nedkov-task2.txt


>> A=[12 15 11 17; 3 13 4 15; 11 9 6 18; 18 5 18 3]
A =

 12 15 11 17
 3 13 4 15
 11 9 6 18
 18 5 18 3

>> B=[5 8 18 11; 5 6 17 9; 0 5 7 5; 7 4 9 19]
B =

 5 8 18 11
 5 6 17 9
 0 5 7 5
 7 4 9 19

>> C = A*B
C =

 254 309 701 645
 185 182 438 455
 226 244 555 574
 136 276 562 390



11a-Nedkov-task3.txt


>> D=[13 5 10; 18 9 5; 3 17 10]
D =

 13 5 10
 18 9 5
 3 17 10

>> DET=det(D)
DET = 2030




11a-Nedkov-task4.txt


angle = [0: 0.1 :3*pi];
y = sin(angle);
figure
plot (angle, y, '*');
xlabel("Angle [rad]");
ylabel("Sin(Angle)");

